##### Example 1
lambda_reg = 0
Theta1 = np.array([[0.4, 0.1], [0.3, 0.2]])
Theta2 = np.array([[0.7, 0.5, 0.6]])
X = [0.13, 0.42]
y = [0.9, 0.23]
Theta = [[[0.4, 0.1], [0.3, 0.2]], [[0.7, 0.5, 0.6]]]

##### Example 2
lambda_reg = 0.250
Theta1 = [
    [0.42000, 0.15000, 0.40000],
    [0.72000, 0.10000, 0.54000],
    [0.01000, 0.19000, 0.42000],
    [0.30000, 0.35000, 0.68000]
]
Theta2 = [
    [0.21000, 0.67000, 0.14000, 0.96000, 0.87000],
    [0.87000, 0.42000, 0.20000, 0.32000, 0.89000],
    [0.03000, 0.56000, 0.80000, 0.69000, 0.09000]
]
Theta3 = [
    [0.04000, 0.87000, 0.42000, 0.53000],
    [0.17000, 0.10000, 0.95000, 0.69000]
]
X = [
    [0.32000, 0.68000],
    [0.83000, 0.02000]   
]

y = [
    [0.75000, 0.98000], 
    [0.75000, 0.28000]   
]
Theta = [
    [
        [0.42000, 0.15000, 0.40000],
        [0.72000, 0.10000, 0.54000],
        [0.01000, 0.19000, 0.42000],
        [0.30000, 0.35000, 0.68000]
    ],
    [
        [0.21000, 0.67000, 0.14000, 0.96000, 0.87000],
        [0.87000, 0.42000, 0.20000, 0.32000, 0.89000],
        [0.03000, 0.56000, 0.80000, 0.69000, 0.09000]
    ],
        [
        [0.04000, 0.87000, 0.42000, 0.53000],
        [0.17000, 0.10000, 0.95000, 0.69000]
    ]
]